6/7/2015	1:45:13 PM	1.95	0.00	9.16	41.40	109.3	Running	Auto	16.6	30.9	32.0	78.3	13153.8	94.0	307	41.00	88	0.94
6/7/2015	2:15:22 PM	2.53	0.00	20.02	34.80	89.4	Running	Auto	16.5	31.7	32.6	80.1	13154.2	93.2	319	41.00	117	0.87
6/7/2015	2:45:23 PM	2.57	0.00	21.24	26.20	63.8	Running	Auto	16.4	31.4	32.5	80.3	13154.8	90.6	317	41.00	146	0.88
6/7/2015	3:15:23 PM	3.03	0.00	12.46	10.70	20.7	Running	Auto	16.4	31.4	32.3	80.3	13155.2	93.6	314	41.00	175	0.88
6/7/2015	3:45:24 PM	2.81	0.00	9.01	10.60	20.4	Running	Auto	16.4	30.9	31.7	79.1	13155.8	93.9	306	39.00	183	0.87
6/7/2015	4:15:34 PM	2.85	0.00	6.73	10.60	20.4	Running	Auto	16.5	30.9	31.9	78.9	13156.2	93.7	304	39.00	214	0.88
6/7/2015	4:45:36 PM	2.80	0.00	6.33	10.60	20.4	Running	Auto	16.4	30.8	31.7	78.8	13156.8	93.9	303	39.00	238	0.88
6/7/2015	5:15:36 PM	2.92	0.00	7.93	2.40	< 1	Running	Auto	16.2	30.9	31.7	79.3	13157.2	94.2	307	35.00	234	0.87
6/7/2015	5:45:38 PM	2.88	0.00	6.33	2.30	< 1	Running	Auto	16.2	30.6	31.3	78.5	13157.8	93.7	303	33.00	231	0.87
6/7/2015	6:15:38 PM	2.88	0.00	5.75	2.30	< 1	Running	Auto	16.2	30.8	31.4	78.6	13158.2	93.9	302	31.00	227	0.86
6/7/2015	6:45:40 PM	2.89	0.00	5.39	2.40	< 1	Running	Auto	16.2	30.6	31.3	78.6	13158.8	93.2	301	30.00	224	0.86
6/7/2015	7:15:40 PM	2.90	0.00	5.13	2.40	< 1	Running	Auto	16.2	30.5	31.1	78.5	13159.2	94.9	301	29.00	221	0.86
6/7/2015	7:45:42 PM	2.91	0.00	4.92	2.40	< 1	Running	Auto	16.2	30.5	31.0	78.4	13159.8	94.5	301	28.00	218	0.86
6/7/2015	8:15:52 PM	2.91	0.00	4.76	2.40	< 1	Running	Auto	15.9	30.0	30.7	78.2	13160.2	94.9	301	27.00	215	0.86
6/7/2015	8:45:54 PM	2.92	0.00	4.63	2.40	< 1	Running	Auto	16.0	30.0	30.7	78.2	13160.8	94.6	300	26.00	212	0.86
6/7/2015	9:15:54 PM	2.92	0.00	4.53	2.40	< 1	Running	Auto	16.0	30.0	30.8	78.2	13161.2	95.0	300	26.00	209	0.86
6/7/2015	9:45:56 PM	2.93	0.00	4.45	2.40	< 1	Running	Auto	16.2	30.1	30.8	78.3	13161.8	94.9	300	25.00	206	0.86
6/7/2015	10:15:56 PM	2.92	0.00	4.42	2.40	< 1	Running	Auto	16.0	29.9	30.6	78.1	13162.2	94.9	300	24.00	203	0.86
6/7/2015	10:45:58 PM	2.93	0.00	4.38	2.40	< 1	Running	Auto	16.1	30.0	30.8	78.2	13162.8	95.1	300	24.00	200	0.86
6/7/2015	11:15:58 PM	2.92	0.00	4.35	2.40	< 1	Running	Auto	16.3	30.4	30.9	78.4	13163.2	95.5	300	23.00	198	0.86
6/7/2015	11:46:00 PM	2.93	0.00	4.33	2.30	< 1	Running	Auto	16.5	30.4	31.0	78.4	13163.8	95.1	300	23.00	195	0.86
6/8/2015	12:16:00 AM	2.93	0.00	4.30	2.30	< 1	Running	Auto	16.7	30.5	31.2	78.4	13164.2	94.9	300	21.00	192	0.86
6/8/2015	12:46:02 AM	2.93	0.00	4.28	2.20	< 1	Running	Auto	16.9	30.6	31.2	78.3	13164.8	95.3	300	20.00	189	0.86
6/8/2015	1:16:02 AM	2.93	0.00	4.26	2.20	< 1	Running	Auto	16.2	29.9	30.7	78.1	13165.2	95.5	300	20.00	186	0.86
6/8/2015	1:46:04 AM	2.92	0.00	4.25	1.90	< 1	Running	Auto	16.6	30.5	31.0	78.2	13165.8	94.9	300	19.00	183	0.86
6/8/2015	2:16:26 AM	2.97	0.00	4.24	1.90	< 1	Running	Auto	16.6	30.5	31.2	78.4	13166.3	94.3	300	21.00	206	0.87
6/8/2015	2:46:26 AM	2.93	0.00	4.22	1.70	< 1	Running	Auto	16.8	30.6	31.2	78.3	13166.8	94.0	299	20.00	203	0.87
6/8/2015	3:16:28 AM	2.94	0.00	4.21	1.70	< 1	Running	Auto	17.0	30.7	31.6	78.4	13167.3	93.7	299	19.00	200	0.86
6/8/2015	3:46:28 AM	2.93	0.00	4.21	1.60	< 1	Running	Auto	17.0	30.7	31.4	78.4	13167.8	93.6	298	17.00	197	0.86
6/8/2015	4:16:30 AM	2.95	0.00	4.21	1.60	< 1	Running	Auto	17.1	30.8	31.5	78.3	13168.3	94.0	299	16.00	194	0.86
6/8/2015	4:46:40 AM	2.93	0.00	4.20	1.40	< 1	Running	Auto	17.1	30.9	31.6	78.4	13168.8	93.8	299	15.00	191	0.86
6/8/2015	5:16:42 AM	2.95	0.00	4.19	1.60	< 1	Running	Auto	17.1	30.8	31.7	78.2	13169.3	93.6	299	15.00	188	0.87
6/8/2015	5:46:42 AM	2.93	0.00	4.19	1.60	< 1	Running	Auto	17.2	30.9	31.6	78.2	13169.8	93.4	298	14.00	186	0.87
6/8/2015	6:16:44 AM	2.95	0.00	4.18	2.20	< 1	Running	Auto	17.1	30.9	31.6	78.2	13170.3	93.2	298	13.00	183	0.87
6/8/2015	6:46:44 AM	2.93	0.00	4.18	2.20	< 1	Running	Auto	16.8	30.6	31.4	78.1	13170.8	94.7	299	13.00	180	0.87
6/8/2015	7:16:46 AM	2.95	0.00	4.18	2.80	< 1	Running	Auto	16.6	30.6	31.3	78.2	13171.3	93.9	298	12.00	177	0.86
6/8/2015	7:46:46 AM	2.93	0.00	4.18	2.80	< 1	Running	Auto	16.8	30.9	31.4	78.2	13171.8	94.4	298	11.00	175	0.87
6/8/2015	8:16:48 AM	2.94	0.00	4.18	3.60	1.9	Running	Auto	16.0	30.5	30.9	77.9	13172.3	94.0	297	10.00	172	0.86
6/8/2015	8:46:48 AM	2.92	0.00	4.18	3.60	1.9	Running	Auto	16.6	30.9	31.5	77.9	13172.8	94.6	298	10.00	169	0.87
6/8/2015	9:16:50 AM	2.93	0.00	4.18	4.10	3.2	Running	Auto	16.4	31.4	31.7	78.1	13173.3	94.3	298	9.00	166	0.87
6/8/2015	9:46:50 AM	2.91	0.00	4.18	4.10	3.2	Running	Auto	16.3	30.9	31.4	78.1	13173.8	95.0	298	9.00	164	0.87
6/8/2015	10:16:52 AM	2.92	0.00	4.18	4.60	4.5	Running	Auto	16.1	30.5	31.1	77.9	13174.3	94.2	298	8.00	161	0.87
6/8/2015	10:46:52 AM	2.90	0.00	4.18	4.60	4.5	Running	Auto	16.0	30.4	31.1	77.9	13174.8	95.4	298	8.00	158	0.87
6/8/2015	11:16:54 AM	3.15	0.00	4.18	5.00	5.6	Running	Auto	15.9	30.6	30.9	78.1	13175.3	95.0	298	6.00	159	0.86
6/8/2015	11:47:04 AM	3.10	0.00	4.19	5.00	5.6	Running	Auto	15.8	30.5	30.9	78.1	13175.8	95.3	299	9.00	187	0.86
6/8/2015	12:17:06 PM	2.86	0.00	4.14	5.50	6.9	Running	Auto	16.0	30.3	30.9	77.9	13176.3	95.0	294	9.00	216	0.87
6/8/2015	12:47:06 PM	2.95	0.00	4.18	5.50	6.9	Running	Auto	15.9	31.0	31.3	78.2	13176.8	95.5	299	74.00	242	0.87
6/8/2015	1:17:08 PM	2.94	0.00	4.18	5.90	7.9	Running	Auto	15.7	30.6	30.9	78.2	13177.3	94.8	298	119.00	238	0.86
6/8/2015	1:47:08 PM	2.95	0.00	4.18	5.90	7.9	Running	Auto	16.0	30.5	30.9	78.3	13177.8	95.1	299	124.00	241	0.87
6/8/2015	2:17:10 PM	2.96	0.00	4.18	6.30	9.0	Running	Auto	15.6	30.1	30.6	78.2	13178.3	95.1	298	124.00	237	0.87
6/8/2015	2:47:10 PM	2.94	0.00	4.18	6.30	9.0	Running	Auto	15.7	30.1	30.6	78.2	13178.8	95.1	299	124.00	234	0.87
6/8/2015	3:17:12 PM	2.95	0.00	4.18	6.70	10.1	Running	Auto	15.6	30.5	30.7	78.2	13179.3	95.5	298	124.00	231	0.87
6/8/2015	3:47:12 PM	2.94	0.00	4.18	6.70	10.1	Running	Auto	15.6	30.1	30.6	78.1	13179.8	94.7	298	124.00	227	0.87
6/8/2015	4:17:13 PM	2.96	0.00	4.18	7.10	11.1	Running	Auto	15.6	30.0	30.5	78.2	13180.3	94.4	297	123.00	235	0.87
6/8/2015	4:47:13 PM	2.94	0.00	4.18	7.10	11.1	Running	Auto	15.6	30.1	30.6	78.2	13180.8	94.9	298	124.00	234	0.87
6/8/2015	5:17:15 PM	2.95	0.00	4.18	7.50	12.2	Running	Auto	15.6	30.2	30.7	78.2	13181.3	93.9	297	124.00	231	0.87
6/8/2015	5:47:15 PM	2.94	0.00	4.18	7.50	12.2	Running	Auto	15.6	30.0	30.5	78.3	13181.8	94.4	298	124.00	228	0.87
6/8/2015	6:17:17 PM	2.95	0.00	4.18	7.90	13.2	Running	Auto	15.7	30.3	30.5	78.1	13182.3	94.4	298	123.00	224	0.87
6/8/2015	6:47:27 PM	2.94	0.00	4.18	7.90	13.2	Running	Auto	15.9	30.1	30.7	78.2	13182.8	95.2	298	122.00	221	0.87
6/8/2015	7:17:29 PM	2.94	0.00	4.18	8.20	14.0	Running	Auto	15.8	30.1	30.8	78.2	13183.3	94.3	298	121.00	218	0.87
6/8/2015	7:47:29 PM	2.93	0.00	4.18	8.20	14.0	Running	Auto	15.9	30.1	30.8	78.2	13183.8	94.9	298	120.00	215	0.87
6/8/2015	8:17:31 PM	2.94	0.00	4.17	8.60	15.1	Running	Auto	15.7	29.8	30.5	78.1	13184.3	95.0	298	119.00	212	0.86
6/8/2015	8:47:41 PM	2.93	0.00	4.18	8.60	15.1	Running	Auto	15.7	30.0	30.5	78.1	13184.8	94.7	298	118.00	210	0.87
6/8/2015	9:17:43 PM	2.93	0.00	4.18	9.00	16.2	Running	Auto	16.1	30.0	30.6	78.1	13185.3	94.0	298	118.00	207	0.87
6/8/2015	9:47:53 PM	2.93	0.00	4.18	9.00	16.2	Running	Auto	15.9	29.9	30.6	78.2	13185.8	94.2	297	117.00	204	0.87
6/8/2015	10:17:55 PM	2.94	0.00	4.18	9.30	17.0	Running	Auto	16.2	30.1	30.8	78.2	13186.3	95.0	299	116.00	201	0.87
6/8/2015	10:47:55 PM	2.92	0.00	4.18	9.30	17.0	Running	Auto	16.8	30.6	31.2	78.4	13186.8	94.0	298	116.00	198	0.86
6/8/2015	11:17:57 PM	2.93	0.00	4.17	9.70	18.0	Running	Auto	16.8	30.6	31.2	78.4	13187.3	94.5	298	115.00	195	0.87
6/8/2015	11:47:57 PM	2.92	0.00	4.17	9.70	18.0	Running	Auto	16.8	30.5	31.2	78.3	13187.8	94.1	298	114.00	192	0.87
6/9/2015	12:17:59 AM	2.93	0.00	4.17	10.10	19.1	Running	Auto	16.7	30.6	31.1	78.4	13188.3	94.6	298	114.00	190	0.87
6/9/2015	12:47:59 AM	2.91	0.00	4.17	10.10	19.1	Running	Auto	16.8	30.5	31.1	78.2	13188.8	94.4	298	113.00	187	0.86
6/9/2015	1:18:01 AM	2.92	0.00	4.17	10.50	20.1	Running	Auto	17.0	30.7	31.4	78.3	13189.3	94.2	298	113.00	184	0.86
6/9/2015	1:48:11 AM	2.91	0.00	4.17	10.50	20.1	Running	Auto	16.7	30.3	31.1	78.1	13189.8	94.2	298	112.00	181	0.87
6/9/2015	2:18:13 AM	2.91	0.00	4.17	10.90	21.2	Running	Auto	16.5	30.4	31.1	78.2	13190.3	94.2	298	112.00	179	0.87
6/9/2015	2:48:13 AM	2.90	0.00	4.17	10.90	21.2	Running	Auto	17.1	30.6	31.6	78.2	13190.8	93.8	298	111.00	176	0.87
6/9/2015	3:18:15 AM	2.91	0.00	4.17	11.30	22.3	Running	Auto	17.0	30.7	31.4	78.2	13191.3	95.0	298	110.00	173	0.86
6/9/2015	3:48:25 AM	2.89	0.00	4.17	11.30	22.3	Running	Auto	17.0	30.8	31.4	78.2	13191.8	95.4	299	110.00	170	0.87
6/9/2015	4:18:27 AM	2.90	0.00	4.17	11.60	23.1	Running	Auto	17.1	30.6	31.4	78.2	13192.3	95.4	299	109.00	167	0.86
6/9/2015	4:48:27 AM	2.90	0.00	4.17	11.60	23.1	Running	Auto	17.2	30.8	31.6	78.3	13192.8	95.4	299	108.00	174	0.87
6/9/2015	5:18:29 AM	2.92	0.00	4.17	12.00	24.2	Running	Auto	17.1	30.8	31.6	78.2	13193.3	94.2	298	110.00	188	0.87
6/9/2015	5:48:29 AM	2.89	0.00	4.17	12.00	24.2	Running	Auto	16.8	30.5	31.5	78.2	13193.8	95.6	299	109.00	185	0.87
6/9/2015	6:18:31 AM	2.91	0.00	4.17	12.40	25.2	Running	Auto	17.2	31.1	31.9	78.3	13194.3	95.6	299	108.00	182	0.87
6/9/2015	6:48:41 AM	2.89	0.00	4.17	12.40	25.2	Running	Auto	17.1	30.9	31.8	78.2	13194.8	95.6	299	107.00	179	0.86
6/9/2015	7:18:43 AM	2.90	0.00	4.17	12.70	26.0	Running	Auto	17.0	31.0	31.7	78.2	13195.3	95.5	299	106.00	177	0.86
6/9/2015	7:48:43 AM	2.89	0.00	4.17	12.70	26.0	Running	Auto	16.7	30.5	31.4	78.1	13195.8	94.5	299	105.00	174	0.86
6/9/2015	8:18:45 AM	2.90	0.00	4.17	13.10	27.1	Running	Auto	16.6	31.2	31.7	78.0	13196.3	95.5	299	105.00	171	0.86
6/9/2015	8:48:55 AM	2.88	0.00	4.17	13.10	27.1	Running	Auto	16.7	31.7	31.7	78.1	13196.8	94.5	298	104.00	168	0.86
6/9/2015	9:18:57 AM	2.90	0.00	4.17	13.40	27.9	Running	Auto	16.4	30.9	31.4	78.1	13197.3	94.9	299	103.00	165	0.86
6/9/2015	9:48:57 AM	2.88	0.00	4.17	13.40	27.9	Running	Auto	16.5	31.0	31.6	78.0	13197.8	94.8	298	103.00	163	0.87
6/9/2015	10:18:59 AM	2.89	0.00	4.17	13.80	29.0	Running	Auto	16.3	31.1	31.5	78.1	13198.3	94.5	299	102.00	160	0.86
6/9/2015	10:48:59 AM	2.88	0.00	4.17	13.80	29.0	Running	Auto	16.4	30.6	31.2	78.0	13198.8	94.2	298	102.00	157	0.87
6/9/2015	11:19:01 AM	2.87	0.00	4.17	14.20	30.1	Running	Auto	16.2	30.4	31.2	78.1	13199.3	94.4	298	101.00	154	0.87
6/9/2015	11:49:01 AM	2.87	0.00	4.17	14.20	30.1	Running	Auto	16.3	30.3	31.1	78.0	13199.8	94.2	298	101.00	152	0.86
6/9/2015	12:19:03 PM	2.87	0.00	4.17	14.60	31.2	Running	Auto	16.2	30.5	31.1	78.1	13200.3	94.6	298	99.00	149	0.86
6/9/2015	12:49:03 PM	2.86	0.00	4.17	14.60	31.2	Running	Auto	16.2	30.5	31.2	78.1	13200.8	93.9	297	98.00	146	0.86
6/9/2015	1:19:05 PM	2.87	0.00	4.17	14.90	32.0	Running	Auto	16.2	30.6	31.1	78.1	13201.3	94.1	298	97.00	143	0.86
6/9/2015	1:49:05 PM	2.85	0.00	4.17	14.90	32.0	Running	Auto	16.4	30.7	31.2	78.3	13201.8	93.9	298	97.00	141	0.86
6/9/2015	2:19:07 PM	2.85	0.00	4.17	15.30	33.1	Running	Auto	16.2	30.3	30.9	78.1	13202.3	94.9	298	96.00	138	0.86
6/9/2015	2:49:07 PM	2.84	0.00	4.17	15.30	33.1	Running	Auto	16.2	30.0	30.8	78.0	13202.8	93.7	298	96.00	135	0.86
6/9/2015	3:19:09 PM	2.84	0.00	4.17	15.70	34.2	Running	Auto	16.4	30.3	31.1	78.1	13203.3	93.6	298	96.00	132	0.86
6/9/2015	3:49:09 PM	2.83	0.00	4.17	15.70	34.2	Running	Auto	16.3	30.0	30.7	77.9	13203.8	93.6	298	95.00	130	0.86
6/9/2015	4:19:11 PM	2.84	0.00	4.17	16.00	35.0	Running	Auto	16.5	30.3	30.9	78.1	13204.3	93.6	298	95.00	127	0.86
6/9/2015	4:49:20 PM	2.82	0.00	4.17	16.00	35.0	Running	Auto	16.4	30.3	31.1	78.2	13204.8	94.0	298	94.00	124	0.86
6/9/2015	5:19:22 PM	2.82	0.00	4.17	16.40	36.1	Running	Auto	16.4	29.8	30.7	77.9	13205.3	94.2	298	93.00	122	0.86
6/9/2015	5:49:32 PM	2.81	0.00	4.17	16.40	36.1	Running	Auto	16.6	30.0	30.8	78.1	13205.8	93.6	298	93.00	119	0.86
6/9/2015	6:19:34 PM	2.82	0.00	4.17	16.70	36.9	Running	Auto	16.7	29.9	30.8	78.2	13206.3	93.7	297	92.00	123	0.86
6/9/2015	6:49:34 PM	2.83	0.00	4.17	16.70	36.9	Running	Auto	16.8	30.1	30.9	78.2	13206.8	94.2	298	94.00	138	0.87
6/9/2015	7:19:36 PM	2.82	0.00	4.17	17.10	38.0	Running	Auto	16.7	29.9	30.7	78.0	13207.3	93.5	297	93.00	135	0.87
6/9/2015	7:49:46 PM	2.81	0.00	4.17	17.10	38.0	Running	Auto	16.7	30.1	30.9	78.2	13207.8	94.8	298	91.00	133	0.86
6/9/2015	8:19:48 PM	2.82	0.00	4.17	17.50	39.1	Running	Auto	16.7	29.9	30.8	78.1	13208.3	94.5	298	91.00	130	0.86
6/9/2015	8:49:58 PM	2.81	0.00	4.17	17.50	39.1	Running	Auto	16.7	29.8	30.8	78.2	13208.8	96.1	299	90.00	127	0.86
6/9/2015	9:20:00 PM	2.82	0.00	4.17	17.80	40.0	Running	Auto	16.7	29.7	30.8	78.0	13209.3	94.5	298	89.00	124	0.86
6/9/2015	9:50:10 PM	2.80	0.00	4.17	17.80	40.0	Running	Auto	16.7	29.8	30.9	78.1	13209.8	95.3	299	88.00	121	0.86
6/9/2015	10:20:12 PM	2.81	0.00	4.17	18.20	41.1	Running	Auto	17.2	30.0	30.9	77.9	13210.3	95.2	299	87.00	119	0.86
6/9/2015	10:50:22 PM	2.80	0.00	4.17	18.20	41.1	Running	Auto	17.3	30.3	31.3	78.2	13210.8	94.9	299	86.00	116	0.86
6/9/2015	11:20:24 PM	2.80	0.00	4.17	18.60	42.2	Running	Auto	17.2	30.0	31.2	78.1	13211.3	95.3	299	85.00	113	0.86
6/9/2015	11:50:24 PM	2.79	0.00	4.17	18.60	42.2	Running	Auto	17.3	30.1	31.2	78.2	13211.8	94.4	299	85.00	111	0.86
6/10/2015	12:20:26 AM	2.79	0.00	4.17	18.90	43.0	Running	Auto	17.0	30.1	31.1	78.0	13212.3	94.9	299	84.00	108	0.86
6/10/2015	12:50:26 AM	2.78	0.00	4.17	18.90	43.0	Running	Auto	17.6	30.1	31.4	78.0	13212.8	94.7	299	84.00	105	0.86
6/10/2015	1:20:28 AM	2.78	0.00	4.17	19.30	44.1	Running	Auto	17.1	30.1	31.1	77.9	13213.3	95.0	299	83.00	102	0.86
6/10/2015	1:50:38 AM	2.77	0.00	4.17	19.30	44.1	Running	Auto	16.5	29.8	30.8	77.9	13213.8	94.6	298	83.00	100	0.86
6/10/2015	2:20:40 AM	2.77	0.00	4.17	19.70	45.2	Running	Auto	17.2	30.1	31.0	78.0	13214.3	93.9	298	82.00	97	0.86
6/10/2015	2:50:40 AM	2.76	0.00	4.17	19.70	45.2	Running	Auto	17.8	30.7	31.7	78.1	13214.8	93.9	298	81.00	94	0.86
6/10/2015	3:20:42 AM	2.76	0.00	4.17	20.10	46.4	Running	Auto	17.6	30.3	31.5	78.1	13215.3	94.2	298	80.00	92	0.86
6/10/2015	3:50:42 AM	2.75	0.00	4.17	20.10	46.4	Running	Auto	17.5	30.3	31.5	78.1	13215.8	93.2	298	80.00	89	0.86
6/10/2015	4:20:44 AM	2.75	0.00	4.17	20.40	47.2	Running	Auto	17.6	30.3	31.5	78.0	13216.3	93.5	298	79.00	86	0.86
6/10/2015	4:50:44 AM	NaN	NaN	4.17	20.40	47.2	Running	Auto	17.6	30.4	31.6	78.1	13216.8	93.8	299	79.00	83	0.86
6/10/2015	5:20:46 AM	2.74	0.00	4.17	20.70	48.1	Running	Auto	17.3	30.4	31.2	77.9	13217.3	93.7	298	79.00	81	0.86
6/10/2015	5:50:46 AM	2.73	0.00	4.17	20.70	48.1	Running	Auto	17.5	30.1	31.4	77.9	13217.8	93.3	297	79.00	78	0.86
6/10/2015	6:20:48 AM	2.73	0.00	4.17	21.20	49.5	Running	Auto	17.7	30.6	31.8	78.1	13218.3	93.7	298	78.00	75	0.86
6/10/2015	6:50:48 AM	2.73	0.00	4.17	21.20	49.5	Running	Auto	17.5	30.5	31.5	77.9	13218.8	94.7	299	77.00	73	0.86
6/10/2015	7:20:50 AM	2.73	0.00	4.17	21.50	50.3	Running	Auto	17.5	30.6	31.7	77.9	13219.3	93.9	298	76.00	70	0.86
6/10/2015	7:51:00 AM	2.71	0.00	4.17	21.50	50.3	Running	Auto	17.3	30.5	31.5	78.0	13219.8	95.1	299	76.00	67	0.86
6/10/2015	8:21:02 AM	2.73	0.00	4.17	21.80	51.2	Running	Auto	17.1	30.9	31.6	78.2	13220.3	94.1	298	78.00	90	0.87
6/10/2015	8:51:02 AM	2.72	0.00	4.17	21.80	51.2	Running	Auto	17.3	31.1	31.9	78.1	13220.8	95.4	300	79.00	87	0.87
6/10/2015	9:21:04 AM	2.72	0.00	4.17	22.30	52.6	Running	Auto	16.5	30.3	31.3	77.8	13221.3	95.1	298	79.00	84	0.86
6/10/2015	9:51:04 AM	2.71	0.00	4.17	22.30	52.6	Running	Auto	16.5	31.5	31.4	77.9	13221.8	95.2	299	78.00	82	0.86
6/10/2015	10:21:06 AM	2.71	0.00	4.16	22.60	53.4	Running	Auto	16.5	30.6	31.2	77.7	13222.3	95.0	298	78.00	79	0.86
6/10/2015	10:51:16 AM	2.70	0.00	4.17	22.60	53.4	Running	Auto	16.7	30.5	31.2	77.9	13222.8	94.4	298	77.00	76	0.86
6/10/2015	11:21:18 AM	2.71	0.00	4.16	23.00	54.6	Running	Auto	16.5	30.5	31.2	77.9	13223.3	95.3	299	76.00	78	0.86
6/10/2015	11:51:28 AM	2.71	0.00	4.17	23.00	54.6	Running	Auto	16.7	30.6	31.4	78.2	13223.9	94.8	298	78.00	87	0.87
6/10/2015	12:21:30 PM	2.71	0.00	4.16	23.30	55.4	Running	Auto	16.7	30.6	31.3	78.1	13224.4	94.6	299	78.00	84	0.86
6/10/2015	12:51:40 PM	2.71	0.00	4.17	23.30	55.4	Running	Auto	16.7	30.6	31.4	78.2	13224.9	94.5	297	78.00	81	0.86
6/10/2015	1:21:42 PM	2.71	0.00	4.16	23.70	56.6	Running	Auto	16.7	30.9	31.5	78.1	13225.4	94.1	298	78.00	78	0.86
6/10/2015	1:51:52 PM	2.70	0.00	4.16	23.70	56.6	Running	Auto	16.6	30.7	31.4	78.1	13225.9	93.8	298	77.00	76	0.86
6/10/2015	2:21:54 PM	2.71	0.00	4.16	24.10	57.7	Running	Auto	16.4	30.1	31.1	77.9	13226.4	93.8	298	77.00	73	0.86
6/10/2015	2:52:04 PM	2.70	0.00	4.17	24.10	57.7	Running	Auto	16.4	29.9	30.8	77.8	13226.9	94.3	298	76.00	70	0.86
6/10/2015	3:22:05 PM	2.70	0.00	4.16	24.40	58.6	Running	Auto	16.5	29.7	30.8	78.0	13227.4	94.5	297	76.00	67	0.86
6/10/2015	3:52:05 PM	2.70	0.00	4.17	24.40	58.6	Running	Auto	16.4	29.7	30.6	78.0	13227.9	93.9	298	76.00	65	0.86
6/10/2015	4:22:07 PM	2.70	0.00	4.16	24.80	59.8	Running	Auto	16.4	29.6	30.6	77.8	13228.4	94.4	298	76.00	62	0.86
6/10/2015	4:52:07 PM	2.69	0.00	4.16	24.80	59.8	Running	Auto	16.7	29.8	30.6	77.9	13228.9	93.8	298	76.00	60	0.86
6/10/2015	5:22:09 PM	2.69	0.00	4.16	25.20	60.9	Running	Auto	16.7	29.5	30.8	78.1	13229.4	94.4	298	76.00	57	0.86
6/10/2015	5:52:09 PM	2.70	0.00	4.17	25.20	60.9	Running	Auto	16.6	29.5	30.5	77.9	13229.9	93.6	297	76.00	54	0.86
6/10/2015	6:22:11 PM	3.68	0.00	4.26	25.40	61.5	Running	Auto	16.6	29.9	30.8	78.2	13230.4	93.8	299	76.00	51	0.88
6/10/2015	6:52:11 PM	3.61	0.00	4.23	25.40	61.5	Running	Auto	16.7	29.8	30.8	78.0	13230.9	93.7	298	76.00	49	0.88
6/10/2015	7:22:13 PM	3.55	0.00	4.21	25.60	62.1	Running	Auto	16.5	29.4	30.3	77.9	13231.4	94.0	297	76.00	46	0.88
6/10/2015	7:52:13 PM	2.76	0.00	4.13	25.60	62.1	Running	Auto	16.9	29.4	30.6	77.0	13231.9	95.2	293	76.00	76	0.92
6/10/2015	8:22:15 PM	2.94	0.00	4.17	26.10	63.5	Running	Auto	16.7	29.4	30.5	77.9	13232.4	93.8	297	76.00	75	0.88
6/10/2015	8:52:15 PM	2.94	0.00	4.18	26.10	63.5	Running	Auto	16.4	29.3	30.4	77.8	13232.9	93.6	298	76.00	75	0.87
6/10/2015	9:22:17 PM	2.94	0.00	4.17	26.40	64.4	Running	Auto	16.7	29.4	30.6	77.9	13233.4	93.4	298	61.00	75	0.86
6/10/2015	9:52:17 PM	2.94	0.00	4.17	26.40	64.4	Running	Auto	16.4	29.1	30.3	77.8	13233.9	94.8	299	60.00	75	0.86
6/10/2015	10:22:19 PM	2.94	0.00	4.17	26.90	65.9	Running	Auto	17.0	29.6	30.7	77.9	13234.4	93.9	298	59.00	75	0.86
6/10/2015	10:52:19 PM	2.93	0.00	4.18	26.90	65.9	Running	Auto	17.1	29.8	30.9	78.1	13234.9	94.4	299	59.00	75	0.86
6/10/2015	11:22:21 PM	2.94	0.00	4.17	27.20	66.7	Running	Auto	17.2	29.8	30.8	78.2	13235.4	93.8	298	58.00	76	0.86
6/10/2015	11:52:21 PM	2.94	0.00	4.18	27.20	66.7	Running	Auto	17.0	29.6	30.8	78.1	13235.9	94.9	298	58.00	83	0.86
6/11/2015	12:22:23 AM	2.97	0.00	4.18	27.60	67.9	Running	Auto	17.4	30.0	30.9	78.3	13236.4	94.7	299	59.00	97	0.87
6/11/2015	12:52:31 AM	2.95	0.00	4.18	27.60	67.9	Running	Auto	17.8	30.3	31.2	78.3	13236.9	95.5	300	58.00	94	0.87
6/11/2015	1:22:33 AM	2.96	0.00	4.18	27.90	68.8	Running	Auto	17.8	30.3	31.4	78.2	13237.4	95.5	299	56.00	92	0.86
6/11/2015	1:52:33 AM	2.95	0.00	4.18	27.90	68.8	Running	Auto	17.3	29.8	31.2	78.1	13237.9	95.1	300	55.00	89	0.86
6/11/2015	2:22:35 AM	2.95	0.00	4.18	28.30	70.0	Running	Auto	17.8	30.1	31.5	77.9	13238.4	95.4	299	55.00	86	0.86
6/11/2015	2:52:35 AM	2.95	0.00	4.18	28.30	70.0	Running	Auto	17.9	30.3	31.4	78.0	13238.9	95.0	299	54.00	83	0.86
6/11/2015	3:22:37 AM	2.95	0.00	4.18	28.70	71.2	Running	Auto	17.8	30.4	31.6	78.0	13239.4	95.4	299	53.00	81	0.86
6/11/2015	3:52:46 AM	2.94	0.00	4.18	28.70	71.2	Running	Auto	17.8	30.1	31.3	77.9	13239.9	95.3	299	51.00	78	0.86
6/11/2015	4:22:48 AM	2.95	0.00	4.18	29.10	72.3	Running	Auto	17.6	30.1	31.5	77.9	13240.4	94.6	299	50.00	77	0.86
6/11/2015	4:52:48 AM	2.94	0.00	4.18	29.10	72.3	Running	Auto	17.8	30.3	31.6	77.9	13240.9	95.8	299	50.00	77	0.86
6/11/2015	5:22:50 AM	2.95	0.00	4.18	29.40	73.2	Running	Auto	17.8	30.1	31.3	78.0	13241.4	95.5	299	49.00	77	0.86
6/11/2015	5:52:50 AM	2.95	0.00	4.18	29.40	73.2	Running	Auto	17.6	30.0	31.4	77.9	13241.9	95.4	299	49.00	77	0.86
6/11/2015	6:22:52 AM	2.95	0.00	4.18	29.80	74.4	Running	Auto	17.7	30.4	31.6	77.9	13242.4	95.2	299	48.00	77	0.86
6/11/2015	6:52:52 AM	2.94	0.00	4.18	29.80	74.4	Running	Auto	17.7	30.1	31.3	78.0	13242.9	94.7	299	48.00	77	0.86
6/11/2015	7:22:54 AM	2.96	0.00	4.18	30.20	75.6	Running	Auto	17.7	30.2	31.6	77.8	13243.4	95.3	299	49.00	77	0.86
6/11/2015	7:53:04 AM	2.94	0.00	4.18	30.20	75.6	Running	Auto	17.6	30.4	31.5	77.8	13243.9	94.8	299	47.00	77	0.86
6/11/2015	8:23:06 AM	2.94	0.00	4.18	30.50	76.5	Running	Auto	17.3	30.6	31.6	77.9	13244.4	95.3	299	46.00	77	0.86
6/11/2015	8:53:16 AM	2.94	0.00	4.18	30.50	76.5	Running	Auto	17.3	30.6	31.6	77.8	13244.9	94.7	298	45.00	77	0.86
6/11/2015	9:23:18 AM	2.95	0.00	4.18	30.90	77.7	Running	Auto	17.1	30.4	31.2	77.8	13245.4	95.2	298	44.00	78	0.86
6/11/2015	9:53:18 AM	2.94	0.00	4.18	30.90	77.7	Running	Auto	16.9	30.4	31.3	77.8	13245.9	93.9	298	44.00	78	0.86
6/11/2015	10:23:20 AM	2.94	0.00	4.18	31.30	78.9	Running	Auto	16.7	30.1	31.2	77.8	13246.4	94.2	298	43.00	81	0.86
6/11/2015	10:53:30 AM	2.95	0.00	4.18	31.30	78.9	Running	Auto	16.8	30.1	31.0	77.9	13246.9	93.6	298	45.00	95	0.87
6/11/2015	11:23:32 AM	2.96	0.00	4.18	31.60	79.8	Running	Auto	16.8	30.5	31.3	77.9	13247.4	93.4	298	41.00	92	0.86
6/11/2015	11:53:42 AM	2.94	0.00	4.18	31.60	79.8	Running	Auto	16.8	30.7	31.5	77.9	13247.9	95.0	299	85.00	89	0.86
6/11/2015	12:23:44 PM	2.94	0.00	4.18	32.00	81.0	Running	Auto	16.7	30.3	31.2	78.0	13248.4	94.0	298	127.00	86	0.86
6/11/2015	12:53:54 PM	2.95	0.00	4.19	32.00	81.0	Running	Auto	16.7	30.8	31.5	77.9	13248.9	95.2	299	129.00	83	0.86
6/11/2015	1:23:56 PM	2.95	0.00	4.18	32.40	82.2	Running	Auto	16.8	30.1	31.1	77.9	13249.4	94.7	298	128.00	81	0.86
6/11/2015	1:53:56 PM	2.96	0.00	4.19	32.40	82.2	Running	Auto	16.6	30.4	30.9	77.9	13249.9	95.2	298	129.00	79	0.86
6/11/2015	2:23:58 PM	2.96	0.00	4.18	32.70	83.1	Running	Auto	16.7	30.0	30.9	77.9	13250.4	94.7	298	130.00	79	0.86
6/11/2015	2:53:58 PM	2.96	0.00	4.19	32.70	83.1	Running	Auto	16.7	30.0	30.9	77.9	13250.9	95.4	299	128.00	79	0.86
6/11/2015	3:23:59 PM	2.96	0.00	4.18	33.20	84.6	Running	Auto	16.8	30.2	31.0	77.8	13251.4	93.8	298	128.00	79	0.86
6/11/2015	3:53:59 PM	2.96	0.00	4.18	33.20	84.6	Running	Auto	16.7	30.1	30.9	77.8	13251.9	93.4	298	127.00	79	0.86
6/11/2015	4:24:01 PM	2.96	0.00	4.18	33.50	85.5	Running	Auto	16.7	30.3	30.9	77.9	13252.4	93.9	298	127.00	79	0.86
6/11/2015	4:54:01 PM	2.96	0.00	4.19	33.50	85.5	Running	Auto	16.7	30.1	31.1	77.9	13252.9	94.0	298	126.00	79	0.86
6/11/2015	5:24:02 PM	2.96	0.00	4.19	33.90	86.7	Running	Auto	16.8	30.0	30.9	77.9	13253.4	94.9	299	125.00	79	0.86
6/11/2015	5:54:02 PM	2.96	0.00	4.19	33.90	86.7	Running	Auto	16.8	30.3	31.1	78.1	13253.9	94.5	298	125.00	80	0.86
6/11/2015	6:24:03 PM	2.96	0.00	4.19	34.20	87.6	Running	Auto	16.7	30.1	30.9	77.9	13254.4	94.2	298	124.00	80	0.86
6/11/2015	6:54:12 PM	2.96	0.00	4.19	34.20	87.6	Running	Auto	17.0	30.4	31.2	78.2	13254.9	94.0	298	123.00	80	0.86
6/11/2015	7:24:14 PM	2.96	0.00	4.19	34.60	88.8	Running	Auto	16.8	30.2	31.0	78.1	13255.4	93.6	298	122.00	80	0.86
6/11/2015	7:54:23 PM	2.97	0.00	4.19	34.60	88.8	Running	Auto	16.9	30.3	31.2	78.2	13255.9	94.4	298	123.00	101	0.87
6/11/2015	8:24:25 PM	2.98	0.00	4.19	35.00	90.0	Running	Auto	17.0	30.1	31.0	78.1	13256.4	94.3	298	124.00	106	0.87
6/11/2015	8:54:35 PM	2.97	0.00	4.19	35.00	90.0	Running	Auto	17.0	30.3	31.1	78.2	13256.9	94.1	298	121.00	103	0.86
6/11/2015	9:24:37 PM	2.97	0.00	4.19	35.30	90.9	Running	Auto	17.1	30.2	31.1	78.1	13257.4	93.7	298	120.00	100	0.86
6/11/2015	9:54:47 PM	2.97	0.00	4.19	35.30	90.9	Running	Auto	17.2	30.5	31.4	78.1	13257.9	94.0	298	118.00	98	0.86
6/11/2015	10:24:49 PM	2.97	0.00	4.19	35.70	92.1	Running	Auto	17.5	30.6	31.6	78.1	13258.4	93.8	298	118.00	95	0.86
6/11/2015	10:54:59 PM	2.97	0.00	4.19	35.70	92.1	Running	Auto	17.6	30.8	31.6	78.3	13258.9	95.0	299	117.00	92	0.86
6/11/2015	11:25:01 PM	2.97	0.00	4.19	36.10	93.3	Running	Auto	17.5	30.8	31.7	78.2	13259.4	93.4	299	116.00	89	0.86
6/11/2015	11:55:01 PM	2.96	0.00	4.19	36.10	93.3	Running	Auto	17.6	30.7	31.7	78.2	13259.9	95.3	299	114.00	87	0.86
6/12/2015	12:25:03 AM	2.97	0.00	4.19	36.50	94.5	Running	Auto	17.8	30.7	31.7	78.1	13260.4	95.1	299	115.00	84	0.86
6/12/2015	12:55:03 AM	2.96	0.00	4.19	36.50	94.5	Running	Auto	17.6	30.5	31.7	77.9	13260.9	95.2	299	114.00	81	0.86
6/12/2015	1:25:05 AM	2.96	0.00	4.19	36.80	95.4	Running	Auto	17.5	30.6	31.7	78.0	13261.4	95.0	299	114.00	81	0.86
6/12/2015	1:55:05 AM	2.96	0.00	4.19	36.80	95.4	Running	Auto	17.5	30.6	31.6	78.1	13261.9	94.8	299	112.00	81	0.86
6/12/2015	2:25:07 AM	2.96	0.00	4.19	37.20	96.6	Running	Auto	17.8	30.7	31.7	77.9	13262.4	95.3	299	112.00	81	0.86
6/12/2015	2:55:17 AM	2.96	0.00	4.19	37.20	96.6	Running	Auto	17.7	30.6	31.7	77.9	13262.9	95.5	300	112.00	81	0.86
6/12/2015	3:25:19 AM	2.96	0.00	4.19	37.60	97.8	Running	Auto	17.6	30.6	31.7	78.0	13263.4	95.5	299	112.00	81	0.86
6/12/2015	3:55:29 AM	2.96	0.00	4.19	37.60	97.8	Running	Auto	17.6	30.6	31.4	77.9	13263.9	95.7	299	111.00	81	0.86
6/12/2015	4:25:31 AM	2.96	0.00	4.18	38.00	99.0	Running	Auto	17.7	30.8	31.7	77.9	13264.4	94.8	299	110.00	81	0.86
6/12/2015	4:55:31 AM	2.96	0.00	4.19	38.00	99.0	Running	Auto	17.5	30.5	31.7	78.0	13264.9	94.4	298	110.00	81	0.86
6/12/2015	5:25:33 AM	2.96	0.00	4.19	38.30	99.9	Running	Auto	17.6	30.8	31.7	78.0	13265.4	94.7	299	109.00	81	0.86
6/12/2015	5:55:33 AM	2.96	0.00	4.19	38.30	99.9	Running	Auto	17.5	30.7	31.7	77.8	13265.9	93.7	298	109.00	82	0.86
6/12/2015	6:25:35 AM	2.96	0.00	4.18	38.70	101.1	Running	Auto	17.6	30.8	31.8	78.0	13266.4	94.7	298	108.00	82	0.86
6/12/2015	6:55:35 AM	2.95	0.00	4.19	38.70	101.1	Running	Auto	17.6	30.8	31.8	78.0	13266.9	94.1	298	107.00	82	0.86
6/12/2015	7:25:37 AM	2.95	0.00	4.18	39.10	102.3	Running	Auto	17.4	30.8	31.6	78.0	13267.4	94.5	298	107.00	82	0.86
6/12/2015	7:55:47 AM	2.96	0.00	4.19	39.10	102.3	Running	Auto	17.1	30.5	31.5	77.9	13267.9	93.5	298	106.00	82	0.86
6/12/2015	8:25:49 AM	2.96	0.00	4.18	39.50	103.5	Running	Auto	17.4	30.8	31.6	77.9	13268.4	93.7	298	106.00	85	0.86
6/12/2015	8:55:59 AM	2.97	0.00	4.19	39.50	103.5	Running	Auto	17.0	30.5	31.4	78.0	13268.9	94.9	299	106.00	105	0.87
6/12/2015	9:26:01 AM	2.96	0.00	4.18	39.80	104.4	Running	Auto	17.0	30.5	31.5	77.9	13269.4	94.1	298	105.00	102	0.87
6/12/2015	9:56:01 AM	2.96	0.00	4.18	39.80	104.4	Running	Auto	16.5	30.6	31.1	77.8	13269.9	94.6	298	104.00	99	0.86
6/12/2015	10:26:03 AM	2.96	0.00	4.18	40.20	105.6	Running	Auto	16.9	30.1	31.2	77.8	13270.4	93.6	298	103.00	96	0.86
6/12/2015	10:56:03 AM	2.98	0.00	4.18	40.40	106.2	Running	Auto	17.0	30.2	31.2	77.9	13270.9	95.0	298	101.00	94	0.86
6/12/2015	11:26:13 AM	2.96	0.00	4.18	40.40	106.2	Running	Auto	16.9	30.5	31.4	77.9	13271.4	95.3	299	101.00	91	0.86
6/12/2015	11:56:15 AM	2.97	0.00	4.18	40.70	107.1	Running	Auto	16.9	30.5	31.3	78.0	13271.9	94.8	298	101.00	88	0.86
6/12/2015	12:26:15 PM	2.96	0.00	4.18	40.70	107.1	Running	Auto	17.0	30.3	31.3	77.9	13272.4	95.3	299	97.00	86	0.86
6/12/2015	12:56:17 PM	2.98	0.00	4.18	41.20	108.7	Running	Auto	16.8	30.1	31.1	77.9	13272.9	94.6	298	97.00	83	0.86
6/12/2015	1:26:17 PM	2.95	0.00	4.18	41.20	108.7	Running	Auto	17.0	30.6	31.3	78.0	13273.4	95.0	299	97.00	83	0.86
6/12/2015	1:56:23 PM	2.97	0.00	4.18	41.50	109.6	Running	Auto	16.7	30.0	31.0	77.9	13273.9	94.2	298	97.00	83	0.86
6/12/2015	2:26:33 PM	2.95	0.00	4.18	41.50	109.6	Running	Auto	16.8	30.6	31.4	78.0	13274.4	94.9	299	97.00	83	0.86
6/12/2015	2:56:38 PM	2.97	0.00	4.18	41.90	110.7	Running	Auto	17.0	30.5	31.2	78.2	13274.9	94.8	298	96.00	83	0.86
6/12/2015	3:26:47 PM	2.96	0.00	4.18	41.90	110.7	Running	Auto	17.0	30.3	31.2	78.0	13275.4	95.4	299	94.00	83	0.86
6/12/2015	3:56:49 PM	2.97	0.00	4.18	42.30	111.9	Running	Auto	16.8	30.2	31.1	78.2	13275.9	95.1	299	93.00	83	0.86
6/12/2015	4:26:50 PM	2.96	0.00	4.18	42.30	111.9	Running	Auto	16.8	30.5	31.3	78.1	13276.4	94.3	298	93.00	84	0.86
6/12/2015	4:56:56 PM	2.97	0.00	4.18	42.60	112.8	Running	Auto	16.8	30.8	31.2	78.0	13276.9	95.7	299	93.00	84	0.86
6/12/2015	5:26:58 PM	2.96	0.00	4.18	42.60	112.8	Running	Auto	17.0	30.4	31.2	78.1	13277.4	95.0	300	92.00	84	0.86
6/12/2015	5:57:01 PM	2.97	0.00	4.18	43.00	114.0	Running	Auto	17.0	30.3	31.4	78.2	13277.9	95.6	300	93.00	84	0.86
6/12/2015	6:27:02 PM	2.96	0.00	4.18	43.00	114.0	Running	Auto	17.0	30.3	31.4	78.1	13278.4	96.4	300	92.00	84	0.86
6/12/2015	6:57:04 PM	2.97	0.00	4.18	43.40	115.2	Running	Auto	17.1	30.5	31.3	78.2	13278.9	94.4	299	92.00	84	0.86
6/12/2015	7:27:04 PM	2.96	0.00	4.18	43.40	115.2	Running	Auto	17.2	30.4	31.4	78.2	13279.4	95.4	299	90.00	84	0.86
6/12/2015	7:57:06 PM	2.97	0.00	4.18	43.80	116.4	Running	Auto	17.0	30.1	31.2	78.0	13279.9	94.9	299	90.00	84	0.86
6/12/2015	8:27:16 PM	2.96	0.00	4.18	43.80	116.4	Running	Auto	17.0	30.1	31.2	78.1	13280.4	94.8	299	90.00	85	0.86
6/12/2015	8:57:18 PM	2.96	0.00	4.18	44.20	117.6	Running	Auto	17.0	30.2	31.2	78.1	13280.9	95.1	299	88.00	85	0.86
6/12/2015	9:27:28 PM	2.96	0.00	4.18	44.20	117.6	Running	Auto	17.0	30.1	31.1	78.2	13281.4	94.7	298	88.00	85	0.86
6/12/2015	9:57:30 PM	2.98	0.00	4.18	44.60	118.8	Running	Auto	17.5	30.5	31.5	78.2	13281.9	95.2	299	87.00	101	0.87
6/12/2015	10:27:40 PM	2.97	0.00	4.18	44.60	118.8	Running	Auto	17.8	30.8	31.9	78.3	13282.5	94.0	299	90.00	106	0.87
6/12/2015	10:57:42 PM	2.97	0.00	4.18	44.90	119.7	Running	Auto	17.9	30.8	31.8	78.4	13283.0	94.7	299	87.00	103	0.87
6/12/2015	11:27:42 PM	2.96	0.00	4.18	44.90	119.7	Running	Auto	17.8	31.1	32.2	78.4	13283.5	93.8	299	87.00	100	0.86
6/12/2015	11:57:44 PM	2.97	0.00	4.18	45.30	120.8	Running	Auto	17.9	30.8	31.9	78.3	13284.0	94.7	299	86.00	97	0.86
6/13/2015	12:27:44 AM	2.96	0.00	4.18	45.30	120.8	Running	Auto	17.9	30.8	32.0	78.2	13284.5	95.0	300	84.00	95	0.86
6/13/2015	12:57:46 AM	2.97	0.00	4.18	45.70	122.0	Running	Auto	18.1	30.9	32.1	78.2	13285.0	95.1	298	84.00	92	0.86
6/13/2015	1:27:46 AM	2.96	0.00	4.18	45.70	122.0	Running	Auto	18.1	30.9	32.0	78.2	13285.5	95.5	299	83.00	89	0.86
6/13/2015	1:57:48 AM	2.97	0.00	4.18	46.00	122.9	Running	Auto	18.1	31.1	32.0	78.3	13286.0	95.0	300	82.00	87	0.86
6/13/2015	2:27:49 AM	2.96	0.00	4.18	46.00	122.9	Running	Auto	18.1	30.9	32.2	78.2	13286.5	94.4	300	81.00	85	0.86
6/13/2015	2:57:54 AM	2.97	0.00	4.18	46.40	124.1	Running	Auto	18.0	30.9	32.0	78.1	13287.0	94.8	298	80.00	85	0.86
6/13/2015	3:28:04 AM	2.96	0.00	4.18	46.40	124.1	Running	Auto	18.1	30.9	32.1	78.1	13287.5	95.1	299	81.00	85	0.86
6/13/2015	3:58:06 AM	2.97	0.00	4.18	46.80	125.2	Running	Auto	18.1	30.9	32.1	78.1	13288.0	94.9	299	80.00	86	0.86
6/13/2015	4:28:16 AM	2.95	0.00	4.19	46.80	125.2	Running	Auto	18.0	30.9	32.2	78.2	13288.5	95.5	299	79.00	86	0.86
6/13/2015	4:58:18 AM	2.96	0.00	4.18	47.10	126.1	Running	Auto	17.9	30.8	32.0	77.9	13289.0	95.9	300	79.00	86	0.86
6/13/2015	5:28:19 AM	2.96	0.00	4.19	47.10	126.1	Running	Auto	18.1	30.9	32.2	78.1	13289.5	94.7	299	77.00	86	0.86
6/13/2015	5:58:21 AM	2.96	0.00	4.18	47.50	127.2	Running	Auto	18.1	30.9	32.2	78.1	13290.0	95.5	301	77.00	86	0.86
6/13/2015	6:28:21 AM	2.95	0.00	4.19	47.50	127.2	Running	Auto	18.2	31.2	32.3	78.2	13290.5	93.9	299	75.00	86	0.86
6/13/2015	6:58:23 AM	2.96	0.00	4.18	47.90	128.4	Running	Auto	17.9	30.9	32.1	78.1	13291.0	94.7	299	76.00	86	0.86
6/13/2015	7:28:33 AM	2.95	0.00	4.19	47.90	128.4	Running	Auto	18.1	31.1	32.3	78.1	13291.5	94.6	299	76.00	86	0.86
6/13/2015	7:58:35 AM	2.96	0.00	4.18	48.30	129.5	Running	Auto	17.9	30.9	32.0	78.0	13292.0	94.8	299	74.00	86	0.86
6/13/2015	8:28:35 AM	2.95	0.00	4.19	48.30	129.5	Running	Auto	18.4	31.7	32.8	78.2	13292.5	93.8	299	74.00	86	0.86
6/13/2015	8:58:37 AM	2.96	0.00	4.18	48.70	130.7	Running	Auto	18.3	31.8	32.7	78.4	13293.0	93.2	297	74.00	86	0.86
6/13/2015	9:28:47 AM	2.96	0.00	4.19	48.70	130.7	Running	Auto	17.4	31.1	32.2	78.1	13293.5	94.9	299	75.00	85	0.86
6/13/2015	9:58:49 AM	2.96	0.00	4.18	49.00	131.5	Running	Auto	18.1	31.9	32.7	78.2	13294.0	94.2	300	75.00	85	0.86
6/13/2015	10:28:50 AM	2.95	0.00	4.19	49.00	131.5	Running	Auto	18.0	31.8	32.8	78.1	13294.5	96.3	300	74.00	85	0.86
6/13/2015	10:58:52 AM	2.95	0.00	4.19	49.40	132.7	Running	Auto	18.0	32.0	32.8	78.1	13295.0	95.6	300	73.00	85	0.86
6/13/2015	11:28:52 AM	2.95	0.00	4.19	49.40	132.7	Running	Auto	18.0	31.8	32.6	78.2	13295.5	94.9	299	72.00	85	0.86
6/13/2015	11:58:54 AM	2.97	0.00	4.19	49.80	133.8	Running	Auto	17.6	31.7	32.6	78.1	13296.0	95.6	299	72.00	104	0.87
6/13/2015	12:29:04 PM	2.96	0.00	4.19	49.80	133.8	Running	Auto	17.8	31.7	32.6	78.2	13296.5	94.7	299	74.00	105	0.87
6/13/2015	12:59:06 PM	2.97	0.00	4.19	50.10	134.6	Running	Auto	17.6	31.5	32.5	78.1	13297.0	94.6	298	72.00	102	0.86
6/13/2015	1:29:06 PM	2.96	0.00	4.19	50.10	134.6	Running	Auto	17.8	31.7	32.5	78.2	13297.5	94.5	299	70.00	100	0.86
6/13/2015	1:59:08 PM	2.96	0.00	4.19	50.60	136.0	Running	Auto	17.6	31.7	32.5	78.1	13298.0	94.3	299	70.00	97	0.86
6/13/2015	2:29:08 PM	2.96	0.00	4.19	50.60	136.0	Running	Auto	17.5	31.1	32.0	78.0	13298.5	93.5	298	70.00	94	0.86
6/13/2015	2:59:11 PM	2.96	0.00	4.19	50.90	136.8	Running	Auto	17.5	31.2	32.3	78.1	13299.0	95.1	299	68.00	91	0.86
6/13/2015	3:29:21 PM	3.24	0.00	4.20	51.00	137.1	Running	Auto	17.6	31.2	32.2	78.2	13299.5	94.2	301	67.00	95	0.86
6/13/2015	3:59:23 PM	3.69	0.00	4.25	51.20	137.7	Running	Auto	17.6	31.3	32.3	78.2	13300.0	95.4	300	68.00	124	0.88
6/13/2015	4:29:24 PM	3.12	0.00	4.20	51.20	137.7	Running	Auto	17.6	31.1	32.1	78.1	13300.5	94.2	298	70.00	151	0.86
6/13/2015	4:59:26 PM	3.03	0.00	4.20	51.70	139.0	Running	Auto	17.6	31.2	32.2	78.2	13301.0	94.9	298	78.00	180	0.88
6/13/2015	5:29:26 PM	3.07	0.00	4.20	51.70	139.0	Running	Auto	17.5	31.2	32.3	78.3	13301.5	95.0	299	80.00	196	0.88
6/13/2015	5:59:28 PM	3.09	0.00	4.19	52.10	140.1	Running	Auto	17.7	31.6	32.4	78.5	13302.0	93.6	299	83.00	217	0.88
6/13/2015	6:29:38 PM	3.07	0.00	4.19	52.10	140.1	Running	Auto	17.7	31.4	32.4	78.4	13302.5	94.4	299	78.00	213	0.87
6/13/2015	6:59:41 PM	3.07	0.00	4.19	52.50	141.2	Running	Auto	17.8	31.3	32.3	78.4	13303.0	96.0	300	80.00	210	0.87
6/13/2015	7:29:41 PM	3.07	0.00	4.19	52.50	141.2	Running	Auto	17.7	31.3	32.3	78.2	13303.5	94.4	299	76.00	207	0.86
6/13/2015	7:59:43 PM	3.06	0.00	4.19	52.90	142.3	Running	Auto	17.3	30.9	32.1	78.2	13304.0	93.8	299	74.00	203	0.86
6/13/2015	8:29:53 PM	3.07	0.00	4.19	52.90	142.3	Running	Auto	17.3	30.8	32.0	77.9	13304.5	94.3	299	73.00	200	0.86
6/13/2015	8:59:55 PM	3.06	0.00	4.19	53.20	143.1	Running	Auto	17.6	31.0	32.0	78.2	13305.0	95.1	300	72.00	197	0.86
6/13/2015	9:29:55 PM	3.06	0.00	4.19	53.20	143.1	Running	Auto	17.5	30.9	32.0	78.1	13305.5	93.6	299	71.00	194	0.86
6/13/2015	9:59:57 PM	3.06	0.00	4.19	53.60	144.1	Running	Auto	17.5	30.8	31.8	78.1	13306.0	93.9	299	71.00	191	0.86
6/13/2015	10:30:07 PM	3.07	0.00	4.20	53.60	144.1	Running	Auto	17.9	31.3	32.3	78.3	13306.5	93.7	298	70.00	188	0.86
6/13/2015	11:00:09 PM	3.06	0.00	4.19	54.00	145.2	Running	Auto	17.9	31.1	32.3	78.4	13307.0	94.6	300	70.00	185	0.86
6/13/2015	11:30:09 PM	3.07	0.00	4.19	54.00	145.2	Running	Auto	18.1	31.4	32.4	78.2	13307.5	94.6	299	69.00	182	0.86
6/14/2015	12:00:12 AM	3.06	0.00	4.19	54.30	146.0	Running	Auto	18.1	31.5	32.5	78.4	13308.0	96.1	301	68.00	179	0.86
6/14/2015	12:30:19 AM	3.06	0.00	4.19	54.30	146.0	Running	Auto	18.0	31.4	32.5	78.2	13308.5	95.3	300	68.00	176	0.86
6/14/2015	1:00:29 AM	3.05	0.00	4.19	54.70	147.0	Running	Auto	17.9	31.2	32.3	78.3	13309.0	94.7	299	67.00	173	0.86
6/14/2015	1:30:36 AM	3.05	0.00	4.19	54.70	147.0	Running	Auto	18.2	31.4	32.5	78.2	13309.5	94.9	300	67.00	170	0.86
6/14/2015	2:00:44 AM	3.05	0.00	4.19	55.00	147.8	Running	Auto	18.1	31.4	32.5	78.1	13310.0	94.8	300	66.00	167	0.86
6/14/2015	2:30:50 AM	3.05	0.00	4.19	55.00	147.8	Running	Auto	18.2	31.4	32.5	78.1	13310.5	93.8	299	66.00	164	0.86
6/14/2015	3:00:59 AM	3.04	0.00	4.19	55.30	148.5	Running	Auto	18.1	31.2	32.5	78.2	13311.0	94.1	299	65.00	162	0.86
6/14/2015	3:31:06 AM	3.05	0.00	4.19	55.30	148.5	Running	Auto	18.2	31.4	32.5	78.2	13311.5	95.6	300	65.00	159	0.86
6/14/2015	4:01:06 AM	3.04	0.00	4.19	55.70	149.5	Running	Auto	18.4	31.5	32.7	78.3	13312.0	94.7	299	64.00	156	0.86
6/14/2015	4:31:12 AM	3.04	0.00	4.19	55.70	149.5	Running	Auto	18.4	31.4	32.5	78.2	13312.5	94.5	299	63.00	153	0.86
6/14/2015	5:01:13 AM	3.18	3.14	4.17	56.10	> 150	Running	Auto	18.1	31.6	32.8	78.2	13313.0	93.5	299	62.00	150	0.86
6/14/2015	5:31:23 AM	4.61	3.15	4.21	56.10	> 150	Running	Auto	18.4	30.8	31.8	76.5	13313.5	96.8	282	62.00	149	0.87
6/14/2015	6:01:25 AM	5.01	0.84	4.23	58.10	> 150	Running	Auto	18.3	30.8	31.9	76.6	13314.0	96.8	282	62.00	172	0.89
6/14/2015	6:31:35 AM	5.00	0.87	4.23	58.10	> 150	Running	Auto	18.3	30.7	31.7	76.3	13314.5	97.0	283	63.00	172	0.89
6/14/2015	7:01:37 AM	5.00	0.84	4.23	58.10	> 150	Running	Auto	17.9	30.4	31.4	76.3	13315.0	96.1	282	61.00	170	0.89
6/14/2015	7:31:47 AM	5.00	0.87	4.23	58.10	> 150	Running	Auto	18.2	30.7	31.8	76.4	13315.5	98.3	283	60.00	169	0.89
6/14/2015	8:01:50 AM	5.00	0.82	4.23	58.10	> 150	Running	Auto	18.2	30.9	32.0	76.4	13316.0	96.9	282	60.00	167	0.89
6/14/2015	8:31:51 AM	5.00	0.84	4.23	58.10	> 150	Running	Auto	18.2	30.9	31.9	76.4	13316.5	97.7	283	59.00	166	0.89
6/14/2015	9:01:53 AM	5.00	0.82	4.23	58.10	> 150	Running	Auto	18.0	30.6	31.8	76.4	13317.0	96.2	281	58.00	164	0.89
6/14/2015	9:32:03 AM	5.00	0.84	4.23	58.10	> 150	Running	Auto	18.0	30.6	31.7	76.2	13317.5	97.5	283	58.00	163	0.89
6/14/2015	10:02:06 AM	4.99	0.82	4.23	58.10	> 150	Running	Auto	18.1	30.8	31.9	76.3	13318.0	96.0	281	56.00	161	0.89
6/14/2015	10:32:16 AM	5.00	0.82	4.23	58.10	> 150	Running	Auto	18.1	30.8	31.9	76.3	13318.5	96.5	282	56.00	160	0.89
6/14/2015	11:02:18 AM	5.00	0.88	4.23	58.10	> 150	Running	Auto	18.2	30.8	31.9	76.3	13319.0	96.7	282	55.00	158	0.89
6/14/2015	11:32:28 AM	5.00	0.85	4.23	58.10	> 150	Running	Auto	18.1	30.8	31.7	76.2	13319.5	97.7	283	54.00	157	0.89
6/14/2015	12:02:30 PM	5.00	0.88	4.23	58.10	> 150	Running	Auto	18.1	30.7	31.8	76.2	13320.0	96.6	282	54.00	155	0.89
6/14/2015	12:32:30 PM	5.00	0.86	4.23	58.10	> 150	Running	Auto	18.1	30.8	31.7	76.2	13320.5	97.7	283	53.00	154	0.89
6/14/2015	1:02:32 PM	5.00	0.85	4.23	58.10	> 150	Running	Auto	18.1	30.8	31.7	76.3	13321.0	96.5	282	52.00	153	0.89
6/14/2015	1:32:33 PM	5.00	0.83	4.23	58.10	> 150	Running	Auto	18.1	30.8	31.7	76.3	13321.5	96.1	282	51.00	151	0.89
6/14/2015	2:02:36 PM	5.00	0.85	4.23	58.10	> 150	Running	Auto	18.1	30.8	31.8	76.3	13322.0	97.0	282	51.00	150	0.89
6/14/2015	2:32:38 PM	5.01	0.85	4.23	58.10	> 150	Running	Auto	17.9	30.8	31.6	76.3	13322.5	93.0	280	50.00	148	0.89
6/14/2015	3:02:40 PM	4.99	0.85	4.23	58.10	> 150	Running	Auto	18.1	30.8	31.7	76.3	13323.0	95.3	281	50.00	147	0.89
6/14/2015	3:32:40 PM	5.00	0.82	4.23	58.10	> 150	Running	Auto	18.0	30.8	31.9	76.3	13323.5	96.8	282	49.00	145	0.89
6/14/2015	4:02:42 PM	5.00	0.86	4.23	58.10	> 150	Running	Auto	17.9	30.7	31.6	76.2	13324.0	96.7	282	49.00	144	0.89
6/14/2015	4:32:52 PM	5.00	0.85	4.23	58.10	> 150	Running	Auto	17.8	30.6	31.5	76.2	13324.5	98.1	282	48.00	142	0.89
6/14/2015	5:02:54 PM	5.00	0.87	4.23	58.10	> 150	Running	Auto	17.9	30.6	31.7	76.3	13325.0	97.6	282	48.00	141	0.89
6/14/2015	5:32:54 PM	5.00	0.85	4.23	58.10	> 150	Running	Auto	17.9	30.9	31.7	76.2	13325.5	97.5	284	46.00	140	0.89
6/14/2015	6:02:57 PM	5.00	0.88	4.23	58.10	> 150	Running	Auto	17.8	30.8	31.6	76.3	13326.0	97.8	283	46.00	138	0.89
6/14/2015	6:33:07 PM	5.00	0.82	4.22	58.10	> 150	Running	Auto	17.8	30.9	31.6	76.3	13326.5	97.0	282	46.00	137	0.89
6/14/2015	7:03:09 PM	5.00	0.89	4.23	58.10	> 150	Running	Auto	17.9	30.7	31.6	76.3	13327.0	95.4	282	45.00	135	0.89
6/14/2015	7:33:19 PM	5.00	0.84	4.23	58.10	> 150	Running	Auto	17.8	30.9	31.7	76.3	13327.5	96.5	282	45.00	134	0.89
6/14/2015	8:03:21 PM	5.00	0.85	4.23	58.00	> 150	Running	Auto	17.9	30.7	31.6	76.3	13328.0	97.0	283	44.00	133	0.89
6/14/2015	8:33:31 PM	5.00	0.84	4.23	58.00	> 150	Running	Auto	17.8	30.9	31.8	76.3	13328.5	96.9	282	44.00	131	0.89
6/14/2015	9:03:33 PM	4.99	0.84	4.23	58.00	> 150	Running	Auto	17.9	30.6	31.4	76.5	13329.0	97.8	282	43.00	144	0.89
6/14/2015	9:33:34 PM	5.00	0.83	4.22	58.00	> 150	Running	Auto	17.8	30.6	31.6	76.7	13329.5	95.5	282	46.00	172	0.91
6/14/2015	10:03:36 PM	5.00	0.84	4.22	58.00	> 150	Running	Auto	17.8	30.4	31.4	76.3	13330.0	95.5	283	45.00	170	0.90
6/14/2015	10:33:36 PM	5.00	0.89	4.22	58.00	> 150	Running	Auto	17.8	30.4	31.6	76.4	13330.5	95.7	281	43.00	168	0.90
6/14/2015	11:03:38 PM	5.00	0.86	4.22	58.00	> 150	Running	Auto	17.9	30.5	31.6	76.3	13331.0	96.4	282	42.00	167	0.90
6/14/2015	11:33:46 PM	2.82	0.00	22.77	40.60	106.8	Running	Auto	18.0	31.9	33.5	79.3	13331.5	91.7	319	40.00	164	0.86
6/15/2015	12:03:56 AM	2.86	0.00	27.16	27.10	66.5	Running	Auto	17.5	31.9	33.3	80.7	13332.0	88.9	321	40.00	194	0.86
6/15/2015	12:34:06 AM	3.23	0.00	14.73	7.90	13.2	Running	Auto	18.1	32.0	33.4	80.0	13332.5	93.6	314	41.00	222	0.87
6/15/2015	1:04:16 AM	3.15	0.00	10.38	7.90	13.2	Running	Auto	18.3	31.9	33.3	79.6	13333.0	94.5	310	42.00	253	0.88
6/15/2015	1:34:19 AM	3.17	0.00	7.92	8.20	14.0	Running	Auto	18.3	31.8	33.1	79.3	13333.5	93.0	306	42.00	269	0.88
6/15/2015	2:04:19 AM	3.16	0.00	7.00	8.20	14.0	Running	Auto	18.4	31.8	33.2	79.1	13334.0	94.8	307	39.00	265	0.87
6/15/2015	2:34:21 AM	NaN	NaN	6.46	8.40	14.6	Running	Auto	18.2	31.8	33.1	78.9	13334.5	95.7	305	37.00	262	0.87
6/15/2015	3:04:31 AM	3.17	0.00	5.97	8.40	14.6	Running	Auto	18.6	31.8	33.0	78.9	13335.0	95.8	304	36.00	258	0.87
6/15/2015	3:34:33 AM	3.18	0.00	5.57	8.40	14.6	Running	Auto	18.5	31.7	33.0	79.0	13335.5	95.1	304	35.00	255	0.86
6/15/2015	4:04:43 AM	3.19	0.00	5.27	8.40	14.6	Running	Auto	18.3	31.8	32.8	78.9	13336.1	93.9	302	34.00	252	0.86
6/15/2015	4:34:45 AM	3.19	0.00	5.05	8.40	14.6	Running	Auto	18.4	31.8	33.1	78.9	13336.6	94.6	303	32.00	248	0.86
6/15/2015	5:04:55 AM	3.20	0.00	4.87	8.40	14.6	Running	Auto	18.5	31.8	32.8	78.6	13337.1	93.6	301	31.00	245	0.86
6/15/2015	5:34:57 AM	3.20	0.00	4.72	8.50	14.8	Running	Auto	18.4	32.0	33.0	78.8	13337.6	94.3	301	30.00	242	0.86
6/15/2015	6:04:57 AM	3.20	0.00	4.61	8.50	14.8	Running	Auto	18.7	32.0	33.1	78.8	13338.1	93.9	301	30.00	239	0.86
6/15/2015	6:35:00 AM	3.21	0.00	4.51	8.40	14.6	Running	Auto	18.4	31.9	33.0	78.7	13338.6	94.7	302	29.00	237	0.87
6/15/2015	7:05:00 AM	3.20	0.00	4.47	8.40	14.6	Running	Auto	18.0	31.4	32.7	78.5	13339.1	96.2	302	28.00	234	0.86
6/15/2015	7:35:02 AM	3.20	0.00	4.43	8.40	14.6	Running	Auto	18.4	32.0	33.1	78.7	13339.6	95.8	301	28.00	231	0.86
6/15/2015	8:05:12 AM	3.20	0.00	4.41	8.40	14.6	Running	Auto	17.8	31.7	32.7	78.4	13340.1	94.3	300	27.00	228	0.86
6/15/2015	8:35:14 AM	3.21	0.00	4.37	8.30	14.3	Running	Auto	17.8	31.9	32.7	78.4	13340.6	94.2	301	26.00	225	0.86
6/15/2015	9:05:14 AM	3.21	0.00	4.34	8.30	14.3	Running	Auto	18.1	32.0	32.9	78.5	13341.1	95.0	300	25.00	222	0.86
6/15/2015	9:35:17 AM	3.21	0.00	4.31	8.20	14.0	Running	Auto	17.9	32.1	32.8	78.4	13341.6	95.4	300	24.00	219	0.86
6/15/2015	10:05:27 AM	3.21	0.00	4.29	8.20	14.0	Running	Auto	17.7	32.0	32.7	78.5	13342.1	95.1	300	24.00	216	0.86
6/15/2015	10:35:29 AM	3.21	0.00	4.27	8.20	14.0	Running	Auto	17.6	32.0	32.7	78.5	13342.6	94.6	300	24.00	213	0.86
6/15/2015	11:05:30 AM	3.21	0.00	4.25	8.20	14.0	Running	Auto	17.6	32.0	32.5	78.6	13343.1	94.4	300	23.00	210	0.86
6/15/2015	11:35:31 AM	3.27	0.00	4.25	8.10	13.8	Running	Auto	17.4	32.0	32.7	78.5	13343.6	95.8	301	36.00	207	0.86
6/15/2015	12:05:40 PM	3.24	0.00	4.23	8.10	13.8	Running	Auto	17.3	32.2	32.8	78.4	13344.1	94.4	299	104.00	204	0.85
6/15/2015	12:35:42 PM	3.24	0.00	4.23	8.00	13.5	Running	Auto	17.5	31.9	32.7	78.5	13344.6	95.3	301	118.00	202	0.86
6/15/2015	1:05:42 PM	3.25	0.00	4.22	8.00	13.5	Running	Auto	17.3	32.0	32.5	78.5	13345.1	96.0	299	119.00	199	0.86
6/15/2015	1:35:44 PM	3.25	0.00	4.22	7.90	13.2	Running	Auto	17.3	32.0	32.5	78.5	13345.6	95.9	301	120.00	196	0.86
6/15/2015	2:05:53 PM	3.26	0.00	4.22	7.90	13.2	Running	Auto	17.3	31.9	32.4	78.7	13346.1	93.1	299	120.00	208	0.87
6/15/2015	2:35:56 PM	3.28	0.00	4.21	8.00	13.5	Running	Auto	17.5	31.9	32.5	78.6	13346.6	94.9	300	122.00	216	0.87
6/15/2015	3:05:56 PM	3.27	0.00	4.21	8.00	13.5	Running	Auto	17.4	31.6	32.4	78.5	13347.1	94.2	300	121.00	214	0.87
6/15/2015	3:35:57 PM	3.27	0.00	4.20	8.30	14.3	Running	Auto	17.5	31.4	32.2	78.3	13347.6	94.2	299	120.00	211	0.87
6/15/2015	4:05:57 PM	3.27	0.00	4.20	8.30	14.3	Running	Auto	17.5	31.6	32.4	78.5	13348.1	94.3	299	119.00	208	0.87
6/15/2015	4:35:59 PM	3.27	0.00	4.20	8.60	15.1	Running	Auto	17.3	31.5	32.3	78.4	13348.6	94.0	299	119.00	205	0.87
6/15/2015	5:05:59 PM	3.26	0.00	4.20	8.60	15.1	Running	Auto	17.2	31.4	32.0	78.4	13349.1	95.2	300	118.00	202	0.86
6/15/2015	5:36:02 PM	3.26	0.00	4.20	9.00	16.2	Running	Auto	17.3	31.8	32.4	78.4	13349.6	95.8	300	118.00	199	0.86
6/15/2015	6:06:02 PM	3.26	0.00	4.20	9.00	16.2	Running	Auto	17.4	31.5	32.3	78.4	13350.1	94.7	299	117.00	197	0.86
6/15/2015	6:36:04 PM	3.26	0.00	4.20	9.40	17.2	Running	Auto	17.5	31.6	32.3	78.4	13350.6	94.6	299	116.00	194	0.86
6/15/2015	7:06:04 PM	3.26	0.00	4.20	9.40	17.2	Running	Auto	17.5	31.6	32.3	78.4	13351.1	93.8	298	116.00	191	0.86
6/15/2015	7:36:06 PM	3.25	0.00	4.20	9.80	18.3	Running	Auto	17.6	31.7	32.4	78.5	13351.6	94.6	299	116.00	188	0.86
6/15/2015	8:06:06 PM	3.24	0.00	4.20	9.80	18.3	Running	Auto	17.4	31.4	32.2	78.5	13352.1	94.6	299	115.00	185	0.87
6/15/2015	8:36:08 PM	3.24	0.00	4.20	10.20	19.3	Running	Auto	17.6	31.4	32.3	78.4	13352.6	94.3	299	114.00	183	0.87
6/15/2015	9:06:08 PM	3.24	0.00	4.20	10.20	19.3	Running	Auto	17.5	31.4	32.2	78.4	13353.1	95.3	299	114.00	180	0.86
6/15/2015	9:36:10 PM	3.23	0.00	4.20	10.50	20.1	Running	Auto	17.6	31.5	32.3	78.5	13353.6	94.5	298	113.00	177	0.86
6/15/2015	10:06:20 PM	3.23	0.00	4.20	10.50	20.1	Running	Auto	18.1	31.7	32.7	78.5	13354.1	94.7	299	112.00	174	0.86
6/15/2015	10:36:22 PM	3.23	0.00	4.20	10.90	21.2	Running	Auto	18.3	31.8	32.7	78.7	13354.6	93.7	298	112.00	172	0.86
6/15/2015	11:06:22 PM	3.22	0.00	4.20	10.90	21.2	Running	Auto	18.6	32.2	33.0	78.9	13355.1	96.2	300	111.00	169	0.86
6/15/2015	11:36:24 PM	3.21	0.00	4.19	11.30	22.3	Running	Auto	18.4	31.9	32.8	78.7	13355.6	94.6	300	111.00	166	0.86
6/16/2015	12:06:24 AM	3.21	0.00	4.19	11.30	22.3	Running	Auto	18.6	32.0	33.0	78.7	13356.1	95.5	299	110.00	163	0.86
6/16/2015	12:36:26 AM	3.20	0.00	4.19	11.70	23.4	Running	Auto	18.7	32.1	33.0	78.7	13356.6	95.1	300	110.00	161	0.86
6/16/2015	1:06:27 AM	3.20	0.00	4.19	11.70	23.4	Running	Auto	17.9	31.5	32.5	78.5	13357.1	95.1	300	110.00	158	0.86
6/16/2015	1:36:29 AM	3.19	0.00	4.19	12.10	24.4	Running	Auto	18.7	32.0	33.1	78.5	13357.6	94.6	299	109.00	155	0.86
6/16/2015	2:06:39 AM	3.18	0.00	4.19	12.10	24.4	Running	Auto	18.2	31.7	32.7	78.4	13358.1	94.1	300	108.00	153	0.86
6/16/2015	2:36:41 AM	3.18	0.00	4.19	12.40	25.2	Running	Auto	18.7	32.2	33.2	78.5	13358.6	95.7	300	107.00	150	0.86
6/16/2015	3:06:41 AM	3.17	0.00	4.19	12.40	25.2	Running	Auto	18.6	32.1	33.1	78.5	13359.1	94.4	299	107.00	147	0.86
6/16/2015	3:36:44 AM	3.19	0.00	4.20	12.80	26.3	Running	Auto	18.7	32.1	33.3	78.6	13359.6	95.0	299	108.00	171	0.87
6/16/2015	4:06:45 AM	3.19	0.00	4.19	12.80	26.3	Running	Auto	18.7	32.1	33.1	78.6	13360.1	94.9	300	108.00	167	0.87
6/16/2015	4:36:47 AM	3.18	0.00	4.19	13.20	27.4	Running	Auto	18.7	32.0	33.3	78.5	13360.6	94.2	300	106.00	165	0.87
6/16/2015	5:06:57 AM	3.18	0.00	4.19	13.20	27.4	Running	Auto	18.9	32.2	33.4	78.4	13361.1	94.5	299	105.00	162	0.87
6/16/2015	5:36:59 AM	3.18	0.00	4.19	13.60	28.5	Running	Auto	18.6	32.0	33.3	78.6	13361.6	94.4	299	105.00	159	0.87
6/16/2015	6:07:09 AM	3.17	0.00	4.19	13.60	28.5	Running	Auto	18.8	32.4	33.6	78.5	13362.1	95.8	301	104.00	156	0.86
6/16/2015	6:37:12 AM	3.17	0.00	4.19	13.90	29.3	Running	Auto	18.8	32.3	33.6	78.4	13362.6	95.7	301	103.00	153	0.86
6/16/2015	7:07:21 AM	3.17	0.00	4.19	13.90	29.3	Running	Auto	18.8	32.3	33.5	78.5	13363.1	94.4	299	102.00	151	0.86
6/16/2015	7:37:23 AM	3.17	0.00	4.19	14.30	30.4	Running	Auto	18.6	32.3	33.3	78.4	13363.6	95.1	299	101.00	148	0.86
6/16/2015	8:07:23 AM	3.16	0.00	4.19	14.30	30.4	Running	Auto	18.2	32.0	33.0	78.3	13364.1	95.6	300	101.00	145	0.86
6/16/2015	8:37:25 AM	3.16	0.00	4.19	14.70	31.5	Running	Auto	17.9	31.8	32.7	78.2	13364.6	95.3	299	99.00	142	0.86
6/16/2015	9:07:34 AM	3.15	0.00	4.19	14.70	31.5	Running	Auto	18.1	31.9	32.8	78.2	13365.1	95.5	299	97.00	140	0.86
6/16/2015	9:37:36 AM	3.14	0.00	4.19	15.10	32.5	Running	Auto	17.9	31.7	32.8	78.2	13365.6	94.3	299	97.00	137	0.86
